sample_revision3_2207.12446.ecsv
# %ECSV 1.0
# ---
# datatype:
# - {name: id, datatype: int64}
# - {name: ra, datatype: float64, format: '%10.6f'}
# - {name: dec, datatype: float64, format: '%10.6f'}
# - {name: z, datatype: float64, format: '%4.2f'}
# - {name: zlo, datatype: float64, format: '{:6.2f}'}
# - {name: zhi, datatype: float64, format: '{:6.2f}'}
# - {name: zxlo, datatype: float64, format: '{:6.2f}'}
# - {name: zxhi, datatype: float64, format: '{:6.2f}'}
# - {name: mass, datatype: float64, format: '%5.2f'}
# - {name: masslo, datatype: float64, format: '{:6.2f}'}
# - {name: masshi, datatype: float64, format: '{:6.2f}'}
# - {name: massxlo, datatype: float64, format: '{:6.2f}'}
# - {name: massxhi, datatype: float64, format: '{:6.2f}'}
# - {name: chi2, datatype: int32}
# - {name: f435w, datatype: float64, format: .1f}
# - {name: e435w, datatype: float64, format: .1f}
# - {name: f606w, datatype: float64, format: .1f}
# - {name: e606w, datatype: float64, format: .1f}
# - {name: f814w, datatype: float64, format: .1f}
# - {name: e814w, datatype: float64, format: .1f}
# - {name: f115w, datatype: float64, format: .1f}
# - {name: e115w, datatype: float64, format: .1f}
# - {name: f150w, datatype: float64, format: .1f}
# - {name: e150w, datatype: float64, format: .1f}
# - {name: f200w, datatype: float64, format: .1f}
# - {name: e200w, datatype: float64, format: .1f}
# - {name: f277w, datatype: float64, format: .1f}
# - {name: e277w, datatype: float64, format: .1f}
# - {name: f356w, datatype: float64, format: .1f}
# - {name: e356w, datatype: float64, format: .1f}
# - {name: f410m, datatype: float64}
# - {name: e410m, datatype: float64}
# - {name: f444w, datatype: float64, format: .1f}
# - {name: e444w, datatype: float64, format: .1f}
# schema: astropy-2.0
id ra dec z zlo zhi zxlo zxhi mass masslo masshi massxlo massxhi chi2 f435w e435w f606w e606w f814w e814w f115w e115w f150w e150w f200w e200w f277w e277w f356w e356w f410m e410m f444w e444w
2859 214.84053430950797 52.8179422190159 8.105592642974775 6.6128167259357635 8.59807357719565 5.8025906862963055 8.86 10.029126864461965 9.763546606382254 10.266588713606989 9.277448869084658 10.490651044926452 22 2.5842361519230166 3.734858780662606 -1.5203314999655904 4.189062562382267 3.884630334577959 4.7771484221639655 10.020998492045896 2.852090961003531 15.367765865083365 3.796868847094108 11.848821627097026 3.6044305193456814 14.93797376980928 2.7863381470608983 52.419050668910394 2.2378676902141432 63.277629148610174 6.011697689429316 124.93993905724348 3.4991435704122806
7274 214.80667077435535 52.83780174552318 7.774 7.716618268409569 7.827 5.626395558560703 8.047441482543945 9.86610978787562 9.80873449518838 9.960288041760402 8.502565770889946 10.163 65 -11.945030596205028 5.515624035092064 0.6305851330355172 3.5506562063456792 6.395076876429715 5.7422560386949835 51.51079957819063 2.6940832099294756 46.61722983212757 3.5125123326520225 50.745281526793654 3.3045357211705153 57.18112928939082 2.549923503631152 137.8246655599845 2.0902922028708613 147.38198723785644 5.390457833004227 272.97513066215373 3.2513248020037206
11184 214.89247547525696 52.856891929741835 7.317981243133545 6.97284469137684 7.601672175687563 6.85593338097157 7.696110929728783 10.181049329619398 10.077533849303745 10.28300174462772 9.755275357930012 10.603 23 -9.814410271561208 6.066826647988874 -4.444333911853944 3.4421631378109256 -2.4843365340587105 4.603886819017618 37.33273494388747 3.6602372794317883 47.41815938615494 4.48065723031638 54.296407201797905 5.706549175274266 73.61550020988936 2.6516082516669957 219.27362725700488 2.1781076294583555 209.3639296235139 6.107757375432863 225.13302653332542 3.3982167909685317
13050 214.8091545336483 52.8684814295959 8.136669296217242 6.429435448363851 8.586863722537284 5.802072858977351 10.583 10.137980622560049 9.840131772721739 10.427528405225148 9.593578348754697 10.589873671880872 12 5.07928205038831 7.564346274118027 -1.7867592804491026 4.1114070267570115 7.1177387955143345 6.829541227169588 9.910253990096685 3.4246833319976293 12.860725031401591 4.658430132309992 11.555154418463799 4.090255693562778 22.502817997052748 2.5913130024592963 64.61196298946943 2.1607927760126837 81.98343165160081 6.074916482335408 147.8271545601392 3.6575284544045026
14924 214.87615013225567 52.88083262872556 8.830841454906686 8.740973557295797 8.999390273310244 5.612007137506857 9.499 10.015011087250011 9.877431784910376 10.170715497433111 8.386576458652504 10.92 18 "" "" -2.9560615214244113 3.745170198917169 0.9998740499405763 4.614633192758734 9.546693982901724 3.156189255556085 33.89767599251912 4.041381354259863 35.03231951440152 3.277651126584599 46.169441709618056 2.3277196211909037 62.95360252472099 1.7716206119561044 116.83818763787507 5.170066079616262 183.0031188429417 2.106582452657718
16624 214.84477232228224 52.89210795311172 8.516779294041132 8.299396717527852 8.71079545257076 7.720281097733934 8.973346710205078 9.298588156734786 9.059329339150162 9.57183452757613 8.43238477326443 10.019 18 "" "" 1.1468383091999332 4.065466771346395 -3.492648976596485 6.619263223320414 21.90389500507488 3.680086833081214 62.557637498372515 4.854558731420155 56.959996907627 3.975221465713189 74.98279423661252 2.9934293504674456 88.68973067048226 2.3156631327358497 117.2968531091474 6.557022498341051 212.36762528395383 3.499034735256375
21834 214.90222668063592 52.93936959951686 8.543201495411573 8.03007994690706 8.860712640205607 5.6223854589101485 10.067 9.607730550848574 9.283620676007963 9.870963374380691 8.112103864520412 10.095474305974566 10 3.3497416911703146 4.4026198148127085 -1.1094575552470618 3.66125189003877 1.6581850465136958 5.554543130810919 3.8352558041432494 2.879550821251291 13.944436078648051 3.6522689258329795 16.529930562135974 3.2256240154314013 17.613267159729777 2.1003835181303168 32.59617423183828 1.693775040766963 45.18231939126456 4.891679086596076 82.94682898378376 2.7391999620816994
25666 214.95683696386106 52.97315286882798 7.931 7.767322666748482 8.026 5.60967413197961 8.158977508544922 9.521798229698335 9.421798229698336 9.750704995856795 8.350231469503317 10.038 38 -5.377993941696488 6.780630568943541 2.3930966981699124 3.2069580486150815 9.676123845676477 6.60685159895781 23.838069097540938 3.102608699810595 23.740084766474556 3.9137908818324494 31.349038594924046 3.283052122948502 33.96227420702082 2.768808440845765 94.47074568127249 2.1681531170384223 81.75916824949593 5.529690356912465 163.27288392456074 3.0916657057634036
28984 215.00284309712092 53.007594185441306 7.541529991171386 7.401 7.623492311609222 5.558968884562775 8.790185928344727 9.57232646457479 9.422740636529463 9.698401077851498 8.154709372813112 10.045 13 -2.741334725603796 6.743275028393013 1.956014902435118 3.5110030767793767 -1.1918285889404598 6.745622964648955 15.843730661935851 3.1211261167424964 21.814872372634305 3.832292915424683 24.178309222355132 3.2091578495151087 24.439498193321835 2.200990346772669 55.354005793293034 1.7594567173047206 105.37008185416607 5.3140749480922445 107.38091299338916 2.8031111766129118
35300 214.8306618828713 52.887776754930115 9.077045913839543 8.696237236699643 9.383695051324207 5.581532560338281 9.481 10.39678569524542 10.170186001404538 10.581962639985438 8.285024875169967 11.001 9 "" "" -4.149826477306947 3.270553982776138 3.7847993101110777 5.206730188794399 0.6539214542482844 2.893199754309867 14.695042296739857 3.767212949485806 12.74657936398087 3.5052182332915462 18.34568627515268 2.4618879518051 38.04114538982289 1.8786294009267963 71.81634835118602 6.5715567599173665 89.74100182888003 2.9802458628691477
37888 214.9125102749827 52.94943542747001 6.514000703642644 6.232 7.930501722486339 5.61204442768029 8.089905738830566 9.229892880694726 9.129892880694726 9.475769948764835 8.05521393808525 10.153 16 0.8220568597612402 4.798315742609411 -4.103999244684666 3.0466328146528254 1.752562526676624 5.672055655343172 21.429198850018103 3.5341633897194065 17.312817202612557 4.293052416702589 21.097209902360046 3.558803058162948 25.52698862832185 2.632278883952514 59.45119624896676 2.0611315400275867 49.14238236636858 5.821269340263902 88.95750397499216 3.1145601050298746
38094 214.98301886725918 52.95599887724036 7.477300222506212 7.435605025186996 7.52131672762486 6.920662858832366 8.212807655334473 10.886933911292022 10.805274516631503 10.981780166507754 8.899033750928892 11.107 19 2.3383104050948527 4.435961936221912 1.7679316742970381 3.9388622536649933 -6.002806267834032 5.010817232260458 52.183172837928616 3.1345595937734956 85.54937922387286 3.9332984052878492 109.78985052250061 3.4829201102767375 169.16175464317308 3.0627499634499036 545.6932102794718 2.6608824677209495 1003.2931003763572 7.509309016477374 892.8087070037774 4.102464149178048
39575 215.00539997469969 52.99670608012527 8.616458898939268 8.049063455314522 8.958542533575137 6.11076013637246 9.062658331818827 9.328935576405312 8.934 9.759845149979661 8.223393763497247 10.019272175686785 8 3.0059178820098196 8.32037552233767 4.114367621330122 6.40185983131175 -5.898687925831247 10.835276615655753 0.0026926951472492633 5.938797176161289 33.186488193538004 8.333750236499442 25.168418928152125 7.504454125348 28.36753384288254 4.483103550355526 53.25214848173926 3.529879630540188 52.843216320270116 10.623646094776557 94.35874649970833 5.505384776257685
